0.0547910194831599
0.734345990522355
1.3269070934349
0.231933131281909
-0.020892365193654
1.25796718625929
-2.54565337222936
-1.8797128239104
-2.16782515090474
-0.696776414018206
0.0984212452522678
0.993474993879804
0.71095413705028
0.0794248699802773
0.537302990219584
0.697791973327623
-0.880800297785195
-0.815052420417029
-0.816943446416841
-0.99716026021052
-0.998183746139141
1.99088111963657
0.869066865151281
0.836504485330002
1.27674418157022
0.863050851610368
-0.99363923324082
-0.682855427899591
-0.903906527725054
-2.02069559107594
-0.347098700202595
-0.409051449871009
0.122037621355397
0.191728842146553
-0.516311592461555
0.141554668247745
0.57024235087274
1.41643645289383
0.353848714084454
0.538499736111175
1.6291863968142
-3.31349995199692
-2.46106877121286
-0.704954750708746
-1.51502131025639
-2.41927550621955
4.5046671595388
3.78376132672118
3.82436244468532
4.30765775901491
-0.2057552721583
-0.620400995633421
-0.845620462323473
0.107229872774609
0.0385561035168261
-0.876156814155714
0.459782605443815
0.0403004058657558
0.384379801327173
0.755159571773494
1.42932672865539
